5.191288707512912806e+05
1.845695722468281165e+05
7.860205349013372324e+04
2.029872806157015020e+03
-4.649966104630669724e+04
-8.006423279056423053e+04
-8.945280027190495457e+04
-7.250554796291686944e+04
-1.118123926117631490e+05
-1.109139321591305634e+05
-1.603279228173871525e+05
-1.726708870429274684e+05
-2.148807557030369644e+05
-2.110044961006359372e+05
-2.192532570830571931e+05
-2.423035310902447673e+05
-2.252246278937942989e+05
-2.531234111514754186e+05
-2.525971474102977081e+05
-2.626789982623053947e+05
-2.763854903261658037e+05
-2.775255558821487357e+05
-2.899050830420415150e+05
-2.942528045290129376e+05
-3.029123847999490099e+05
-2.982660604147941340e+05
-2.991960671443452011e+05
-3.136905237183534773e+05
-3.118186225469289348e+05
-3.220091737709211884e+05
-3.263502832265237230e+05
-3.233332617541412474e+05
-3.262142398759271600e+05
-3.287524189810089301e+05
-3.306158056916021160e+05
-3.311230087042862433e+05
-3.425714406617071363e+05
-3.460119996205169591e+05
-3.474911046460951329e+05
