1.942075932002165937e+05
2.047618399638781557e+05
2.216896053638119483e+05
2.331283751574836206e+05
2.399367428000046639e+05
2.544770673202556791e+05
2.652074902731140610e+05
2.794581365716124419e+05
2.854557357524306281e+05
3.022215884728127858e+05
3.024688887327310513e+05
3.243576677309968509e+05
3.337781007328990381e+05
3.471826036188072758e+05
3.642233774144438794e+05
3.647989230587681523e+05
3.815088938616667874e+05
3.896825566342988168e+05
4.088953455330846482e+05
4.213115603888126789e+05
