2.749653643693881459e+05
1.097186917464963626e+05
6.123144759953008179e+04
1.746738668552050876e+04
5.007145927387844040e+02
-2.602419210498820394e+04
-2.004154916114563093e+04
-2.361225996129904888e+04
-3.538911778433883592e+04
-5.392472734343302000e+04
-6.745635491950047435e+04
-8.197418949210889696e+04
-8.984003668433199346e+04
-9.522394538531168655e+04
-9.895959365994919790e+04
-1.060181339738309471e+05
-1.053083248484633659e+05
-1.068586085396807175e+05
-1.142168602516202518e+05
-1.146108073484326596e+05
-1.170516896052392258e+05
-1.232052442792331422e+05
-1.292839503047924954e+05
-1.285648752012413315e+05
-1.306165194634281797e+05
-1.350017738519492268e+05
-1.377575825764940819e+05
-1.414358412143665482e+05
-1.419697967163583089e+05
-1.431017315037969383e+05
-1.463959920861575520e+05
-1.471221609314435045e+05
-1.505783470936474914e+05
-1.521967703875771549e+05
-1.567414039918776834e+05
-1.561187471682869655e+05
-1.595338038239299494e+05
-1.572769514792475093e+05
-1.582974317156392499e+05
