4.538618740634295973e+05
1.555334467629074352e+05
1.618824555553999380e+05
5.337562059620462969e+04
-3.447680053231149213e+04
-4.369869443033123389e+04
-4.075429681845034065e+04
-6.169174991155244061e+04
-8.510929836264363257e+04
-1.030972390838428109e+05
-1.023342693318617239e+05
-1.444474431585610728e+05
-1.529315610845917836e+05
-1.731492679565096041e+05
-1.686909254652709933e+05
-1.356805281085521274e+05
-1.581233434917635168e+05
-1.655952366364065092e+05
-1.610193010761394980e+05
-1.741228518043780932e+05
-2.043335453797185328e+05
-2.004032212366461754e+05
-2.078877331621318008e+05
-2.102904633312785299e+05
-2.212033331598244840e+05
-2.369838689085664810e+05
-2.306049883742793463e+05
-2.463215789095007931e+05
-2.363011287901403848e+05
-2.499855156325646676e+05
-2.444926742794119637e+05
-2.468567455132995965e+05
-2.477858134505740018e+05
-2.456590295892711729e+05
-2.426829533010208979e+05
-2.520841112985877553e+05
-2.477640875773195876e+05
-2.470694923364433926e+05
-2.459546712224930525e+05
-2.501672959290049039e+05
