-2.571395376531895599e+05
-2.575939144232439576e+05
-2.516747725570262410e+05
-2.512446262970705284e+05
-2.554448821882654447e+05
-2.519131812017305056e+05
-2.521913817825880833e+05
-2.489493590178057784e+05
-2.539603833707035519e+05
-2.482031541840373538e+05
-2.589644774578351644e+05
-2.480843219932853244e+05
-2.496725125250992132e+05
-2.472766331729069352e+05
-2.412444829109862912e+05
-2.516775608003780944e+05
-2.459762135311954189e+05
-2.488111742922794656e+05
-2.406070089272095938e+05
-2.391994176051975228e+05
