4.648640635681954445e+05
1.775442598013893003e+05
1.949018921275978209e+05
9.740368070211849408e+04
2.055988310731838283e+04
2.234661274301464437e+04
3.629963388861155545e+04
2.637080432922545879e+04
1.396187941185027012e+04
6.982562224367109593e+03
1.875415551006418536e+04
-1.235039478291914565e+04
-9.825889175233838614e+03
-1.903497251343567041e+04
-3.568006488481041742e+03
4.045101440195381292e+04
2.901682255245844135e+04
3.255355294153146679e+04
4.813811203551449580e+04
4.604318484099186026e+04
2.684111479936743854e+04
4.178006247615581378e+04
4.530417408438620623e+04
5.391006744895549491e+04
5.400582115412555868e+04
4.923390893909952138e+04
6.662141300710267387e+04
6.191344600559724495e+04
8.294251965867367107e+04
8.026675634996540612e+04
9.676822123683406971e+04
1.054127735366624547e+05
1.154923291331040673e+05
1.286277365281229140e+05
1.426124363500892068e+05
1.442199018862383091e+05
1.595485491412224947e+05
1.712517679158147657e+05
1.833752125634810654e+05
1.901712113906851737e+05
