-4.398321990088418534e+04
-4.524871722794398374e+04
-3.046126305251669692e+04
-3.348372920060592151e+04
-3.935828100267814443e+04
-5.276442977866274305e+04
-3.507394758528499369e+04
-4.237388968779946299e+04
-3.862277752788208454e+04
-3.238465630110856000e+04
-3.787979658153776836e+04
-1.219081826883140457e+04
-3.687487075445285154e+04
1.266969399790216812e+04
-3.016963448354192951e+04
-2.884406063797930619e+04
-3.286617533668884425e+04
-2.576735336406678471e+03
1.277901648762590230e+04
2.379992079224054032e+04
