2.474639932003177237e+05
9.388948135632018966e+04
9.194791719860350713e+04
3.849978042409206682e+04
2.435869842537871227e+04
-5.635437613666408652e+02
-4.057405209944335638e+03
-1.592732760639005937e+04
-1.441053041785072310e+04
-2.280966677088000506e+04
-3.966196900118510530e+04
-4.786387215741960244e+04
-4.449126560787259223e+04
-5.189184900748691143e+04
-4.283541809569074394e+04
-4.551846746416758106e+04
-4.595154429621882446e+04
-4.368732009828870650e+04
-4.787842151423537871e+04
-4.913578020087494951e+04
-5.691214743086589442e+04
-4.383637476388502546e+04
-5.023206434861648449e+04
-3.245883184995168995e+04
-4.099637016451673844e+04
-3.778639871111419052e+04
-3.545715623941464582e+04
-3.980331910567208251e+04
-4.853846834306253004e+04
-3.786757978586525132e+04
-4.091121041861933190e+04
-3.727947571107587282e+04
-2.160799390579227475e+04
-2.565833662991060555e+04
-1.351471419360472828e+04
-3.902024123189041711e+04
-4.041725440200021694e+04
-5.516548400005238364e+04
-4.517908624443770532e+04
-2.920611003721311499e+04
