5.183953914509735769e+05
1.830961796172425093e+05
7.638874753128024167e+04
-9.233464819643450028e+02
-5.019279366369593481e+04
-8.449727873722134973e+04
-9.462575954782994813e+04
-7.841842056810975191e+04
-1.184651785462239059e+05
-1.183066314228591946e+05
-1.684605354103836580e+05
-1.815434129651918483e+05
-2.244931949545692478e+05
-2.213568486814360949e+05
-2.303455229931252252e+05
-2.541357103295806737e+05
-2.377967204623980797e+05
-2.664354170493470738e+05
-2.666490666374372668e+05
-2.774708308187128277e+05
-2.919172362118411111e+05
-2.937972150970919174e+05
-3.069166555862525711e+05
-3.120042904024918680e+05
-3.214037840026958147e+05
-3.174973729468088131e+05
-3.191672930056277546e+05
-3.344016629089039052e+05
-3.332696750667472370e+05
-3.442001396200074232e+05
-3.492811624048778322e+05
-3.470040542617632309e+05
-3.506249457128170179e+05
-3.539030381471666624e+05
-3.565063381870277226e+05
-3.577534545289797243e+05
-3.699417998156684916e+05
-3.741222721037461888e+05
-3.763412904585922370e+05
