2.749653643693881459e+05
1.097186917464963626e+05
6.123144759953008179e+04
1.746738668552050876e+04
5.007145927387844040e+02
-2.602419210498820394e+04
-2.004154916114563093e+04
-2.361225996129904888e+04
-3.538911778433883592e+04
-5.392472734343302000e+04
-6.745635491950047435e+04
-8.197418949210889696e+04
-8.984003668433199346e+04
-9.522394538531168655e+04
-9.895959365994919790e+04
-1.060181339738309471e+05
-1.053083248484633659e+05
-1.068586085396807175e+05
-1.142168602516202518e+05
-1.146108073484326596e+05
-1.170516896052392258e+05
-1.232052442792331422e+05
-1.292839503047924954e+05
-1.285648752012413315e+05
-1.306165194634281797e+05
-1.350017738519492268e+05
-1.377575825764940819e+05
-1.414358412143665482e+05
-1.419697967163583089e+05
-1.431017315037969383e+05
-1.463959920861575520e+05
-1.471221609314435045e+05
-1.505783470936474914e+05
-1.521967703875771549e+05
-1.567414039918776834e+05
-1.561187471682869655e+05
-1.595338038239299494e+05
-1.572769514792475093e+05
-1.582974317156392499e+05
-1.561853853793512972e+05
-1.635993202047071245e+05
-1.630676246671973495e+05
-1.644968376167826937e+05
-1.644541924295682984e+05
-1.648760920022588398e+05
-1.659172327368977712e+05
-1.700330899128350720e+05
-1.722377960862239124e+05
-1.696645884399438801e+05
-1.671870891786972061e+05
-1.695198752046274021e+05
-1.708971422803377500e+05
-1.762807261188946140e+05
-1.719702839128097112e+05
-1.735826616216426191e+05
-1.758593948962766735e+05
-1.779469989836637396e+05
-1.776849872769330977e+05
-1.789435982485880086e+05
-1.791659415399410645e+05
-1.801314669551975967e+05
-1.777929491017566179e+05
-1.802121634253369411e+05
-1.815216865459012915e+05
-1.863210408180888917e+05
-1.831660206660081167e+05
-1.815884257892370515e+05
-1.824514955393917626e+05
-1.838864888746623183e+05
-1.839501246163237374e+05
-1.839927048459159851e+05
-1.868279144191922387e+05
-1.862080254784702556e+05
-1.903411755301432277e+05
-1.902169314311591734e+05
-1.924552605497316981e+05
-1.892697474569173064e+05
-1.883471191039086552e+05
-1.917920018087362405e+05
-1.893054324706664192e+05
